988
16 7
745 44
4 15
12 87
524 55
163 66
175 128
764 568
459 241
174 53
967 927
106 589
1 733
512 120
391 482
698 601
281 110
115 274
17 233
22 515
59 168
281 572
602 589
311 973
699 297
828 217
140 15
246 283
325 427
58 51
188 781
760 292
29 25
434 210
175 708
371 90
254 32
38 131
262 153
299 590
302 18
11 27
499 914
348 277
641 639
353 712
160 349
666 51
12 19
70 21
749 329
505 242
10 6
689 846
101 927
42 96
742 461
986 473
156 796
921 259
107 551
125 9
235 51
198 775
583 24
607 918
424 462
800 359
463 547
188 248
305 56
250 756
532 259
510 676
25 20
359 161
7 288
108 144
900 236
546 3
51 21
260 179
578 524
108 38
471 591
72 69
603 925
241 211
279 230
237 471
150 91
790 612
584 565
19 53
362 270
217 223
731 7
735 226
191 448
307 757
390 115
485 777
152 415
92 38
802 501
678 177
426 711
156 196
323 833
640 447
355 979
15 523
541 867
429 923
417 108
106 22
249 154
649 436
229 875
445 379
9 34
474 634
882 239
792 936
231 143
809 85
626 229
147 181
596 572
325 316
646 727
142 146
352 183
294 503
96 464
74 88
622 631
149 819
491 694
31 227
88 242
221 145
916 302
306 104
189 96
446 944
308 287
97 765
509 632
525 221
121 83
356 210
99 74
855 163
955 923
98 971
506 642
198 323
358 841
838 99
650 983
904 42
117 808
790 854
599 691
120 5
287 122
22 50
838 960
381 198
747 373
105 280
178 443
660 62
51 237
969 390
681 256
238 651
33 613
938 668
321 917
259 625
579 930
187 157
31 153
784 294
380 458
757 985
322 753
798 517
445 484
540 209
544 276
98 489
210 47
110 336
433 825
16 707
91 432
431 29
533 181
782 98
4 2
172 13
242 705
165 353
737 668
102 13
827 179
47 48
810 128
341 723
32 436
61 39
481 194
675 82
393 382
137 81
693 97
128 222
744 268
309 129
123 514
386 907
633 365
7 114
16 303
586 288
414 949
454 363
604 746
763 847
780 906
499 884
650 234
753 980
22 42
868 901
220 1
726 202
368 405
248 968
912 121
400 770
493 183
62 65
194 4
369 388
807 746
575 823
78 382
125 180
409 423
608 579
98 253
31 166
380 408
8 520
910 788
614 414
104 154
534 668
609 595
129 607
527 343
140 517
115 720
26 97
950 616
321 339
60 165
920 142
314 429
395 545
29 78
138 92
37 531
105 256
42 151
62 53
48 679
453 96
799 932
277 254
399 36
226 77
64 82
2 451
47 39
975 400
456 332
859 652
700 248
915 594
147 397
790 864
530 211
134 80
261 513
218 460
304 93
191 106
803 421
751 719
92 129
264 14
261 885
9 119
121 265
234 292
101 67
619 96
115 10
761 161
363 192
253 330
805 408
102 252
366 500
37 80
23 45
749 821
522 569
156 243
870 725
597 662
890 620
461 10
100 143
75 55
428 337
173 125
771 774
613 824
620 861
14 10
529 627
767 81
326 690
710 111
69 13
525 580
682 853
954 645
730 279
659 332
468 566
259 498
594 144
64 42
511 225
771 163
843 10
59 610
6 842
510 2
297 463
560 216
978 810
142 81
779 690
130 213
105 127
605 872
643 905
778 140
52 271
129 398
178 125
811 356
959 847
302 485
246 110
250 14
421 205
832 472
562 812
85 895
350 440
125 896
250 263
464 629
645 572
384 501
618 948
245 600
15 24
131 639
486 644
107 293
335 409
84 28
291 181
67 251
424 939
34 571
60 122
327 328
559 988
275 208
835 886
615 287
10 90
844 594
77 402
725 530
92 158
71 145
60 95
362 384
857 199
320 134
555 64
378 366
296 52
480 893
337 173
354 317
595 616
638 31
238 497
499 695
110 234
751 792
369 176
34 94
350 728
883 185
654 213
135 114
767 797
394 750
265 444
22 149
951 434
958 852
236 152
370 188
131 365
3 12
561 154
552 69
752 256
587 505
24 588
166 364
321 400
459 734
646 306
273 244
19 116
347 205
104 372
3 195
33 139
897 853
970 503
42 43
532 801
377 57
99 358
346 4
569 738
25 332
327 367
719 262
311 202
158 433
404 284
652 207
44 25
232 543
209 539
230 36
357 266
159 439
562 513
657 508
688 933
455 53
83 38
73 9
91 290
822 286
21 12
169 93
327 430
839 868
3 496
472 414
595 333
319 724
929 49
579 59
685 8
74 310
620 829
88 585
768 105
273 327
415 564
294 224
522 267
718 892
184 763
239 161
403 246
107 964
266 518
21 557
703 206
208 46
448 554
120 297
981 920
1 11
109 103
942 381
785 470
198 411
53 66
362 509
121 732
278 149
648 709
176 30
898 374
873 947
461 565
81 258
413 106
7 79
184 282
101 316
341 105
432 987
508 636
49 3
313 36
100 1
593 21
156 81
799 119
10 56
126 70
488 169
170 59
104 117
56 839
280 401
307 166
23 13
322 185
596 743
351 171
435 559
30 33
141 129
83 200
468 278
31 57
881 826
141 204
66 259
903 483
74 85
47 793
287 299
223 957
755 288
928 584
781 919
164 78
248 422
15 18
128 60
263 465
515 653
889 753
11 31
375 521
19 507
20 16
961 46
277 334
214 856
36 193
849 7
41 475
503 673
171 78
470 447
806 782
395 214
479 235
22 17
479 519
623 497
7 37
308 442
424 46
135 688
913 690
647 79
962 86
25 240
868 877
113 385
375 26
315 187
224 81
598 257
3 1
915 937
409 966
878 60
189 446
161 100
83 648
908 712
413 684
359 407
558 556
379 874
40 60
65 611
655 513
391 361
269 504
516 221
972 455
209 105
138 155
935 222
253 568
1 2
499 126
105 90
183 272
451 701
208 355
88 198
739 151
905 909
285 637
612 365
6 477
465 605
692 982
11 467
98 65
59 10
329 837
191 899
437 7
209 956
683 61
264 410
425 272
135 342
18 416
773 205
318 55
814 10
550 374
148 179
64 202
766 731
131 815
450 357
54 190
606 271
199 931
186 34
340 130
263 478
101 286
840 526
232 52
984 856
100 860
373 303
379 89
199 697
371 871
392 304
78 133
44 124
21 148
451 891
184 156
945 252
940 887
366 506
74 48
321 830
276 338
6 4
578 643
491 549
349 880
537 326
502 274
573 736
868 943
162 15
234 538
495 424
229 86
965 524
252 780
189 312
41 4
50 107
252 852
709 818
3 40
136 212
718 93
414 178
380 553
716 501
89 31
343 32
10 46
73 211
952 268
755 788
41 118
182 143
851 23
63 136
81 61
480 182
376 304
741 427
449 256
639 794
214 67
37 91
628 189
30 130
113 82
317 153
58 77
576 49
387 173
305 582
791 209
43 879
267 190
270 70
23 329
661 455
6 13
17 1
416 721
261 28
205 776
59 247
112 19
384 438
256 664
736 820
476 25
324 51
163 656
26 22
201 125
788 850
67 35
348 548
176 603
264 266
129 667
84 420
425 575
848 555
308 360
486 179
132 102
466 362
89 167
145 289
535 509
117 157
583 617
38 7
245 200
447 149
178 669
687 628
547 702
674 425
188 122
267 541
381 528
71 599
865 320
389 95
327 624
713 85
845 646
39 706
73 508
934 607
228 758
322 769
412 658
329 836
23 321
457 165
326 233
43 203
192 65
622 109
206 145
5 36
46 977
526 267
75 86
786 525
285 368
249 319
3 714
284 262
963 523
149 577
160 121
279 858
4 5
30 11
159 74
129 536
974 337
873 809
301 787
35 33
817 59
534 491
68 2
487 297
55 14
82 295
804 143
297 816
383 41
301 65
468 924
122 152
590 671
491 480
63 123
604 316
61 71
205 45
120 335
215 163
345 835
492 142
480 597
350 13
740 444
772 130
52 30
75 754
866 384
474 336
114 298
103 45
394 177
48 244
411 686
169 419
696 473
54 20
3 32
197 70
888 185
663 347
9 268
285 152
39 36
142 692
795 548
251 581
501 665
87 396
635 94
110 111
53 63
862 235
76 34
6 7
167 563
976 378
567 1
257 124
366 601
161 219
137 177
759 132
74 218
911 696
748 225
722 274
717 561
352 469
25 199
322 331
356 483
217 192
406 215
652 682
310 946
314 23
234 704
41 863
17 238
130 183
715 236
9 556
834 610
670 50
6 8
618 241
47 269
926 908
107 216
191 380
490 6
90 573
677 580
680 92
503 789
147 24
592 266
273 689
196 207
37 574
136 473
783 953
435 97
183 386
452 185
238 276
9 8
185 124
318 344
636 887
312 869
418 320
150 831
225 145
81 104
517 894
902 428
672 335
28 27
263 529
163 630
345 74
480 621
876 628
494 408
93 54
783 307
570 235
620 236
270 826
542 516
